image: blank_map_with_obstacle_edited.pgm
resolution: 0.05000
origin: [-100.00000, -100.000000, 0.000000]
negate: 0
occupied_thresh: 0.65
free_thresh: 0.196
